calculation_time(ms) = 4; dt = 0.016667; x0 = -5.000000; z0 = 5.000000; cube_width = 10.000000; cube_length = 10.000000; cube_height = 10.000000; cube_mass = 300000.000000
2.000000
1.916675
1.833418
1.750303
1.667407
1.584803
1.502568
1.420775
1.339499
1.258812
1.178789
1.099501
1.021021
0.943420
0.866767
0.791132
0.716584
0.643190
0.571017
0.500130
0.430593
0.362469
0.295820
0.230707
0.167187
0.105320
0.045160
-0.013238
-0.069821
-0.124537
-0.177337
-0.228174
-0.277001
-0.323774
-0.368451
-0.410990
-0.451355
-0.489508
-0.525414
-0.559041
-0.590359
-0.619339
-0.645956
-0.670184
-0.692002
-0.711390
-0.728331
-0.742810
-0.754812
-0.764328
-0.771349
-0.775867
-0.777881
-0.777386
-0.774385
-0.768879
-0.760874
-0.750376
-0.737396
-0.721945
-0.704037
-0.683689
-0.660918
-0.635745
-0.608194
-0.578289
-0.546057
-0.511527
-0.474731
-0.435702
-0.394476
-0.351089
-0.305581
-0.257993
-0.208368
-0.156752
-0.103190
-0.047732
0.009573
0.068672
0.129512
0.192037
0.256192
0.321918
0.389156
0.457844
0.527921
0.599323
0.671985
0.745842
0.820827
0.896871
0.973906
1.051863
1.130670
1.210256
1.290550
1.371477
1.452966
1.534943
1.617332
1.700060
1.783051
1.866231
1.949524
2.032855
2.116147
2.199327
2.282318
2.365045
2.447434
2.529410
2.610898
2.691824
2.772117
2.851701
2.930507
3.008462
3.085496
3.161538
3.236521
3.310376
3.383036
3.454435
3.524510
3.593196
3.660431
3.726154
3.790306
3.852829
3.913666
3.972762
4.030063
4.085518
4.139076
4.190689
4.240310
4.287895
4.333399
4.376782
4.418005
4.457030
4.493822
4.528348
4.560576
4.590477
4.618024
4.643192
4.665959
4.686303
4.704206
4.719653
4.732629
4.743122
4.751123
4.756624
4.759621
4.760111
4.758094
4.753570
4.746545
4.737025
4.725018
4.710536
4.693590
4.674198
4.652375
4.628143
4.601522
4.572538
4.541216
4.507585
4.471674
4.433518
4.393149
4.350606
4.305925
4.259149
4.210318
4.159478
4.106674
4.051955
3.995369
3.936968
3.876805
3.814934
3.751412
3.686295
3.619644
3.551518
3.481978
3.411089
3.338914
3.265518
3.190968
3.115331
3.038676
2.961073
2.882592
2.803303
2.723278
2.642591
2.561313
2.479519
2.397283
2.314679
2.231782
2.148668
2.065410
1.982085
1.898769
1.815536
1.732462
1.649622
1.567091
1.484945
1.403256
1.322101
1.241551
1.161680
1.082560
1.004262
0.926859
0.850419
0.775012
0.700706
0.627569
0.555667
0.485065
0.415827
0.348015
0.281691
0.216915
0.153746
0.092241
0.032455
-0.025557
-0.081743
-0.136051
-0.188433
-0.238842
-0.287231
-0.333557
-0.377777
-0.419853
-0.459745
-0.497417
-0.532836
-0.565970
-0.596787
-0.625262
-0.651366
-0.675078
-0.696376
-0.715239
-0.731652
-0.745599
-0.757068
-0.766048
-0.772531
-0.776512
-0.777986
-0.776953
-0.773412
-0.767369
-0.758827
-0.747795
-0.734283
-0.718302
-0.699868
-0.678997
-0.655708
-0.630023
-0.601963
-0.571555
-0.538827
-0.503807
-0.466528
-0.427024
-0.385330
-0.341483
-0.295524
-0.247495
-0.197438
-0.145400
-0.091426
-0.035567
0.022128
0.081606
0.142813
0.205694
0.270191
0.336247
0.403802
0.472794
0.543161
0.614840
0.687764
0.761869
0.837087
0.913351
0.990590
1.068735
1.147716
1.227460
1.307896
1.388951
1.470551
1.552622
1.635090
1.717881
1.800920
1.884130
1.967438
2.050766
2.134041
2.217187
2.300127
2.382788
2.465094
2.546971
2.628345
2.709141
2.789288
2.868711
2.947340
3.025103
3.101929
3.177749
3.252495
3.326099
3.398494
3.469614
3.539395
3.607774
3.674689
3.740080
3.803887
3.866052
3.926519
3.985233
4.042142
4.097193
4.150337
4.201526
4.250713
4.297854
4.342906
4.385828
4.426581
4.465129
4.501437
4.535471
4.567201
4.596598
4.623636
4.648290
4.670537
4.690358
4.707735
4.722652
4.735094
4.745052
4.752517
4.757480
4.759938
4.759889
4.757333
4.752271
4.744709
4.734653
4.722113
4.707100
4.689627
4.669711
4.647368
4.622621
4.595490
4.566001
4.534180
4.500056
4.463660
4.425025
4.384186
4.341179
4.296045
4.248823
4.199557
4.148291
4.095071
4.039946
3.982965
3.924181
3.863646
3.801416
3.737546
3.672094
3.605121
3.536685
3.466850
3.395679
3.323236
3.249586
3.174797
3.098936
3.022071
2.944273
2.865612
2.786159
2.705986
2.625165
2.543771
2.461875
2.379554
2.296881
2.213931
2.130779
2.047500
1.964171
1.880866
1.797661
1.714631
1.631851
1.549397
1.467342
1.385762
1.304731
1.224321
1.144605
1.065656
0.987544
0.910342
0.834119
0.758943
0.684883
0.612006
0.540378
0.470063
0.401126
0.333629
0.267633
0.203198
0.140381
0.079241
0.019832
-0.037791
-0.093578
-0.147476
-0.199438
-0.249416
-0.297365
-0.343242
-0.387005
-0.428614
-0.468032
-0.505223
-0.540153
-0.572791
-0.603107
-0.631074
-0.656667
-0.679861
-0.700637
-0.718975
-0.734859
-0.748274
-0.759209
-0.767653
-0.773598
-0.777040
-0.777975
-0.776403
-0.772324
-0.765743
-0.756665
-0.745099
-0.731055
-0.714546
-0.695586
-0.674194
-0.650388
-0.624190
-0.595623
-0.564714
-0.531491
-0.495983
-0.458222
-0.418244
-0.376084
-0.331780
-0.285372
-0.236903
-0.186417
-0.133958
-0.079575
-0.023317
0.034766
0.094620
0.156191
0.219425
0.284262
0.350646
0.418515
0.487808
0.558462
0.630414
0.703598
0.777948
0.853396
0.929875
1.007315
1.085646
1.164797
1.244696
1.325271
1.406449
1.488157
1.570320
1.652864
1.735714
1.818796
1.902034
1.985352
2.068676
2.151929
2.235037
2.317924
2.400515
2.482735
2.564510
2.645765
2.726428
2.806425
2.885684
2.964132
3.041700
3.118316
3.193911
3.268417
3.341766
3.413892
3.484730
3.554215
3.622285
3.688877
3.753932
3.817391
3.879196
3.939291
3.997622
4.054135
4.108781
4.161508
4.212271
4.261021
4.307717
4.352314
4.394773
4.435055
4.473125
4.508946
4.542488
4.573718
4.602611
4.629138
4.653276
4.675004
4.694301
4.711150
4.725536
4.737445
4.746868
4.753795
4.758220
4.760139
4.759551
4.756456
4.750856
4.742757
4.732167
4.719094
4.703551
4.685551
4.665112
4.642251
4.616989
4.589349
4.559356
4.527037
4.492422
4.455542
4.416430
4.375122
4.331655
4.286068
4.238403
4.188703
4.137013
4.083379
4.027851
3.970478
3.911313
3.850409
3.787822
3.723607
3.657823
3.590530
3.521789
3.451661
3.380211
3.307502
3.233602
3.158577
3.082494
3.005423
2.927433
2.848596
2.768982
2.688663
2.607713
2.526205
2.444212
2.361808
2.279069
2.196069
2.112884
2.029588
1.946258
1.862968
1.779794
1.696811
1.614095
1.531721
1.449762
1.368294
1.287389
1.207122
1.127565
1.048790
0.970869
0.893871
0.817867
0.742925
0.669114
0.596500
0.525149
0.455125
0.386492
0.319313
0.253647
0.189555
0.127094
0.066322
0.007292
-0.049941
-0.105326
-0.158812
-0.210351
-0.259897
-0.307404
-0.352830
-0.396133
-0.437274
-0.476216
-0.512924
-0.547364
-0.579505
-0.609319
-0.636777
-0.661856
-0.684532
-0.704785
-0.722597
-0.737952
-0.750835
-0.761234
-0.769142
-0.774550
-0.777453
-0.777849
-0.775737
-0.771120
-0.764002
-0.754388
-0.742289
-0.727713
-0.710676
-0.691192
-0.669279
-0.644957
-0.618248
-0.589175
-0.557766
-0.524049
-0.488054
-0.449814
-0.409363
-0.366739
-0.321980
-0.275125
-0.226219
-0.175304
-0.122428
-0.067637
-0.010983
0.047485
0.107713
0.169647
0.233230
0.298405
0.365113
0.433293
0.502884
0.573823
0.646045
0.719485
0.794077
0.869753
0.946444
1.024082
1.102595
1.181913
1.261963
1.342674
1.423972
1.505784
1.588035
1.670651
1.753558
1.836680
1.919941
2.003267
2.086582
2.169810
2.252877
2.335706
2.418224
2.500355
2.582024
2.663159
2.743684
2.823529
2.902619
2.980884
3.058253
3.134655
3.210022
3.284285
3.357377
3.429232
3.499784
3.568970
3.636728
3.702995
3.767711
3.830819
3.892261
3.951981
4.009926
4.066042
4.120279
4.172588
4.222922
4.271235
4.317482
4.361623
4.403618
4.443427
4.481016
4.516350
4.549397
4.580128
4.608514
4.634529
4.658151
4.679358
4.698130
4.714451
4.728305
4.739681
4.748568
4.754957
4.758844
4.760224
4.759097
4.755463
4.749326
4.740691
4.729566
4.715961
4.699888
4.681362
4.660401
4.637022
4.611246
4.583099
4.552603
4.519789
4.484684
4.447321
4.407734
4.365958
4.322032
4.275995
4.227889
4.177757
4.125645
4.071600
4.015671
3.957909
3.898365
3.837095
3.774152
3.709595
3.643482
3.575872
3.506828
3.436410
3.364684
3.291714
3.217566
3.142308
3.066006
2.988732
2.910554
2.831544
2.751772
2.671312
2.590235
2.508616
2.426529
2.344047
2.261246
2.178199
2.094984
2.011674
1.928346
1.845075
1.761936
1.679004
1.596355
1.514064
1.432204
1.350851
1.270078
1.189957
1.110562
1.031965
0.954236
0.877446
0.801664
0.726960
0.653400
0.581052
0.509981
0.440251
0.371926
0.305066
0.239734
0.175988
0.113885
0.053483
-0.005165
-0.062005
-0.116986
-0.170058
-0.221172
-0.270283
-0.317347
-0.362319
-0.405161
-0.445833
-0.484297
-0.520520
-0.554469
-0.586112
-0.615421
-0.642370
-0.666934
-0.689091
-0.708821
-0.726106
-0.740930
-0.753280
-0.763145
-0.770516
-0.775385
-0.777750
-0.777607
-0.774956
-0.769801
-0.762145
-0.751997
-0.739364
-0.724258
-0.706693
-0.686686
-0.664253
-0.639416
-0.612196
-0.582619
-0.550712
-0.516502
-0.480022
-0.441303
-0.400382
-0.357296
-0.312082
-0.264783
-0.215441
-0.164101
-0.110809
-0.055613
0.001435
0.060286
0.120885
0.183178
0.247109
0.312618
0.379648
0.448136
0.518023
0.589243
0.661732
0.735426
0.810256
0.886157
0.963057
1.040889
1.119581
1.199062
1.279261
1.360104
1.441519
1.523432
1.605768
1.688452
1.771412
1.854570
1.937851
2.021181
2.104484
2.187684
2.270706
2.353474
2.435915
2.517953
2.599514
2.680524
2.760909
2.840597
2.919516
2.997595
3.074762
3.150947
3.226083
3.300099
3.372931
3.444511
3.514775
3.583659
3.651101
3.717040
3.781416
3.844170
3.905247
3.964590
4.022145
4.077862
4.131689
4.183577
4.233480
4.281353
4.327151
4.370834
4.412362
4.451697
4.488804
4.523649
4.556200
4.586429
4.614307
4.639810
4.662915
4.683599
4.701846
4.717638
4.730960
4.741802
4.750152
4.756004
4.759352
4.760194
4.758527
4.754355
4.747680
4.738509
4.726850
4.712713
4.696112
4.677061
4.655578
4.631682
4.605395
4.576740
4.545744
4.512434
4.476841
4.438997
4.398937
4.356695
4.312312
4.265827
4.217281
4.166720
4.114188
4.059734
4.003407
3.945257
3.885337
3.823703
3.760408
3.695512
3.629072
3.561148
3.491803
3.421099
3.349100
3.275871
3.201479
3.125990
3.049474
2.971999
2.893637
2.814456
2.734531
2.653932
2.572733
2.491007
2.408828
2.326271
2.243411
2.160322
2.077080
1.993760
1.910437
1.827188
1.744087
1.661210
1.578632
1.496427
1.414670
1.333435
1.252796
1.172825
1.093596
1.015179
0.937646
0.861067
0.785511
0.711047
0.637743
0.565664
0.494875
0.425442
0.357427
0.290891
0.225894
0.162497
0.100755
0.040725
-0.017539
-0.073983
-0.128558
-0.181213
-0.231900
-0.280575
-0.327193
-0.371711
-0.414089
-0.454289
-0.492275
-0.528011
-0.561467
-0.592611
-0.621415
-0.647853
-0.671901
-0.693538
-0.712744
-0.729501
-0.743794
-0.755611
-0.764940
-0.771774
-0.776105
-0.777930
-0.777248
-0.774059
-0.768366
-0.760174
-0.749490
-0.736325
-0.720689
-0.702598
-0.682067
-0.659116
-0.633764
-0.606036
-0.575956
-0.543551
-0.508850
-0.471886
-0.432691
-0.391301
-0.347754
-0.302089
-0.254347
-0.204571
-0.152807
-0.099102
-0.043504
0.013937
0.073168
0.134136
0.196786
0.261060
0.326902
0.394250
0.463044
0.533223
0.604721
0.677475
0.751419
0.826485
0.902606
0.979713
1.057736
1.136603
1.216245
1.296589
1.377561
1.459089
1.541099
1.623516
1.706266
1.789274
1.872465
1.955764
2.039094
2.122381
2.205549
2.288523
2.371228
2.453588
2.535529
2.616978
2.697860
2.778101
2.857631
2.936375
3.014263
3.091225
3.167191
3.242091
3.315859
3.388427
3.459729
3.529702
3.598281
3.665405
3.731013
3.795045
3.857444
3.918152
3.977115
4.034280
4.089595
4.143009
4.194474
4.243945
4.291375
4.336722
4.379944
4.421004
4.459863
4.496486
4.530841
4.562896
4.592621
4.619991
4.644980
4.667566
4.687728
4.705448
4.720710
4.733501
4.743807
4.751621
4.756935
4.759745
4.760047
4.757842
4.753131
4.745919
4.736212
4.724019
4.709352
4.692223
4.672647
4.650644
4.626232
4.599434
4.570273
4.538777
4.504974
4.468894
4.430571
4.390038
4.347333
4.302495
4.255563
4.206580
4.155591
4.102642
4.047781
3.991058
3.932523
3.872230
3.810234
3.746590
3.681357
3.614593
3.546359
3.476716
3.405728
3.333459
3.259974
3.185341
3.109625
3.032897
2.955226
2.876681
2.797335
2.717258
2.636524
2.555205
2.473376
2.391110
2.308481
2.225565
2.142437
2.059172
1.975845
1.892532
1.809308
1.726249
1.643430
1.560926
1.478811
1.397160
1.316047
1.235545
1.155728
1.076667
0.998434
0.921100
0.844736
0.769409
0.695188
0.622142
0.550335
0.479832
0.410699
0.342996
0.276786
0.212129
0.149082
0.087704
0.028049
-0.029828
-0.085875
-0.140041
-0.192277
-0.242536
-0.290772
-0.336941
-0.381003
-0.422916
-0.462643
-0.500148
-0.535397
-0.568358
-0.599001
-0.627299
-0.653225
-0.676757
-0.697873
-0.716553
-0.732782
-0.746544
-0.757827
-0.766620
-0.772916
-0.776709
-0.777995
-0.776774
-0.773046
-0.766815
-0.758087
-0.746869
-0.733171
-0.717007
-0.698389
-0.677337
-0.653868
-0.628003
-0.599767
-0.569184
-0.536283
-0.501094
-0.463647
-0.423977
-0.382120
-0.338114
-0.291999
-0.243816
-0.193609
-0.141424
-0.087308
-0.031309
0.026521
0.086130
0.147464
0.210468
0.275084
0.341255
0.408919
0.478017
0.548484
0.620258
0.693273
0.767464
0.842763
0.919102
0.996411
1.074621
1.153662
1.233460
1.313945
1.395043
1.476681
1.558785
1.641280
1.724092
1.807146
1.890366
1.973678
2.057005
2.140273
2.223405
2.306328
2.388965
2.471241
2.553083
2.634416
2.715166
2.795261
2.874627
2.953194
3.030889
3.107642
3.183385
3.258047
3.331563
3.403864
3.474886
3.544565
3.612836
3.679639
3.744913
3.808599
3.870639
3.930977
3.989558
4.046329
4.101240
4.154239
4.205279
4.254315
4.301300
4.346194
4.388955
4.429545
4.467926
4.504064
4.537927
4.569483
4.598705
4.625565
4.650039
4.672106
4.691744
4.708937
4.723669
4.735926
4.745698
4.752975
4.757751
4.760021
4.759784
4.757040
4.751791
4.744042
4.733800
4.721075
4.705877
4.688220
4.668121
4.645598
4.620671
4.593363
4.563698
4.531704
4.497409
4.460844
4.422043
4.381040
4.337873
4.292581
4.245204
4.195787
4.144372
4.091008
4.035743
3.978625
3.919708
3.859044
3.796689
3.732699
3.667131
3.600046
3.531504
3.461566
3.390298
3.317762
3.244024
3.169152
3.093214
3.016277
2.938412
2.859689
2.780179
2.699955
2.619089
2.537654
2.455725
2.373374
2.290678
2.207710
2.124546
2.041261
1.957931
1.874631
1.791436
1.708422
1.625664
1.543237
1.461216
1.379675
1.298687
1.218326
1.138665
1.059777
0.981731
0.904600
0.828452
0.753358
0.679384
0.606598
0.535066
0.464853
0.396021
0.328634
0.262753
0.198437
0.135744
0.074732
0.015455
-0.042033
-0.097680
-0.151435
-0.203250
-0.253078
-0.300873
-0.346593
-0.390196
-0.431642
-0.470894
-0.507917
-0.542677
-0.575142
-0.605283
-0.633073
-0.658487
-0.681501
-0.702095
-0.720250
-0.735949
-0.749179
-0.759927
-0.768184
-0.773943
-0.777197
-0.777944
-0.776184
-0.771918
-0.765150
-0.755885
-0.744133
-0.729904
-0.713211
-0.694069
-0.672495
-0.648509
-0.622132
-0.593390
-0.562306
-0.528910
-0.493233
-0.455305
-0.415162
-0.372840
-0.328377
-0.281814
-0.233192
-0.182556
-0.129952
-0.075427
-0.019030
0.039187
0.099172
0.160870
0.224225
0.289180
0.355677
0.423655
0.493052
0.563806
0.635852
0.709126
0.783560
0.859089
0.935642
1.013151
1.091546
1.170755
1.250707
1.331330
1.412550
1.494295
1.576489
1.659058
1.741929
1.825025
1.908271
1.991592
2.074913
2.158158
2.241252
2.324119
2.406685
2.488875
2.570613
2.651827
2.732443
2.812387
2.891587
2.969972
3.047471
3.124013
3.199529
3.273951
3.347210
3.419242
3.489981
3.559362
3.627324
3.693803
3.758740
3.822077
3.883756
3.943721
4.001917
4.058293
4.112796
4.165378
4.215991
4.264590
4.311129
4.355568
4.397865
4.437983
4.475885
4.511537
4.544907
4.575963
4.604679
4.631028
4.654987
4.676533
4.695647
4.712312
4.726513
4.738237
4.747473
4.754213
4.758450
4.760182
4.759406
4.756123
4.750336
4.742051
4.731274
4.718015
4.702288
4.684105
4.663483
4.640442
4.615001
4.587184
4.557016
4.524524
4.489739
4.452690
4.413413
4.371941
4.328314
4.282570
4.234751
4.184901
4.133063
4.079286
4.023618
3.966109
3.906812
3.845780
3.783069
3.718734
3.652836
3.585432
3.516584
3.446356
3.374809
3.302009
3.228022
3.152915
3.076756
2.999614
2.921558
2.842660
2.762991
2.682623
2.601628
2.520081
2.438054
2.355623
2.272862
2.189846
2.106649
2.023348
1.940018
1.856734
1.773572
1.690607
1.607914
1.525568
1.443644
1.362215
1.281356
1.201140
1.121639
1.042925
0.965070
0.888144
0.812217
0.737358
0.663634
0.591112
0.519858
0.449937
0.381411
0.314342
0.248793
0.184821
0.122484
0.061840
0.002944
-0.054153
-0.109397
-0.162739
-0.214131
-0.263525
-0.310878
-0.356146
-0.399289
-0.440267
-0.479043
-0.515582
-0.549851
-0.581819
-0.611457
-0.638738
-0.663637
-0.686133
-0.706204
-0.723832
-0.739002
-0.751699
-0.761913
-0.769633
-0.774854
-0.777569
-0.777778
-0.775478
-0.770674
-0.763368
-0.753568
-0.741283
-0.726523
-0.709302
-0.689635
-0.667541
-0.643039
-0.616152
-0.586904
-0.555321
-0.521432
-0.485268
-0.446861
-0.406246
-0.363461
-0.318543
-0.271534
-0.222475
-0.171412
-0.118391
-0.063459
-0.006666
0.051935
0.112293
0.174352
0.238056
0.303348
0.370168
0.438456
0.508150
0.579187
0.651503
0.725032
0.799707
0.875462
0.952226
1.029932
1.108508
1.187883
1.267985
1.348743
1.430082
1.511929
1.594210
1.676851
1.759776
1.842910
1.926179
2.009507
2.092818
2.176037
2.259088
2.341897
2.424388
2.506487
2.588119
2.669210
2.749688
2.829478
2.908509
2.986710
3.064009
3.140336
3.215622
3.289800
3.362802
3.434561
3.505013
3.574094
3.641742
3.707895
3.772493
3.835478