dt = 0.016667; x0 = -5.000000; z0 = 5.000000; h_water = 0.000000; cube_width = 10.000000; cube_length = 10.000000; cube_height = 10.000000; cube_mass = 32000.000000
2
1.97808
1.97907
2.00298
2.04959
2.1185
2.20915
2.32075
2.45235
2.60285
2.77097
2.95527
3.1542
3.36607
3.58908
3.82133
4.06086
4.30564
4.55359
4.8026
5.05056
5.29537
5.53495
5.76727
5.99036
6.20232
6.40135
6.58577
6.75402
6.90466
7.03642
7.14818
7.23898
7.30807
7.35485
7.37893
7.38011
7.35836
7.31388
7.24705
7.15843
7.04877
6.91901
6.77024
6.60373
6.42089
6.22328
6.01256
5.79052
5.55906
5.32013
5.07576
4.82802
4.57902
4.33087
4.08567
3.84551
3.61242
3.38838
3.17529
2.97496
2.78908
2.61925
2.46689
2.33329
2.2196
2.12678
2.05561
2.0067
1.98047
1.97713
1.99671
2.03906
2.1038
2.19039
2.2981
2.426
2.57303
2.73792
2.91928
3.11557
3.32513
3.54617
3.77683
4.01514
4.25909
4.50659
4.75557
5.00389
5.24945
5.49018
5.72402
5.949
6.1632
6.36481
6.55212
6.72354
6.87761
7.01302
7.12864
7.22347
7.29671
7.34774
7.37613
7.38164
7.36422
7.32401
7.26137
7.17681
7.07106
6.94502
6.79975
6.63649
6.45662
6.26167
6.05329
5.83325
5.60342
5.36575
5.12225
4.87499
4.62607
4.37759
4.13168
3.89041
3.65583
3.42993
3.21463
3.01175
2.82302
2.65004
2.49427
2.35704
2.23951
2.14268
2.06737
2.01422
1.98368
1.976
1.99126
2.02933
2.08987
2.17239
2.27617
2.40034
2.54384
2.70546
2.88382
3.07742
3.2846
3.50361
3.7326
3.96962
4.21266
4.45965
4.70851
4.95712
5.20336
5.44516
5.68046
5.90726
6.12364
6.32777
6.5179
6.69244
6.84989
6.98892
7.10836
7.20718
7.28456
7.33983
7.37252
7.38236
7.36926
7.33334
7.2749
7.19444
7.09263
6.97034
6.82862
6.66865
6.49181
6.29959
6.09361
5.87564
5.64751
5.41116
5.16861
4.9219
4.67313
4.42441
4.17785
3.93554
3.69954
3.47185
3.25441
3.04905
2.85752
2.68145
2.52232
2.3815
2.26016
2.15935
2.07992
2.02254
1.9877
1.9757
1.98663
2.0204
2.07673
2.15514
2.25497
2.37536
2.5153
2.67359
2.84891
3.03974
3.24449
3.46141
3.68866
3.92432
4.16637
4.41278
4.66144
4.91026
5.15711
5.39991
5.63659
5.86515
6.08364
6.29022
6.48313
6.66073
6.82151
6.96412
7.08734
7.19013
7.27161
7.3311
7.36809
7.38226
7.37349
7.34187
7.28765
7.2113
7.11346
6.99497
6.85683
6.70021
6.52645
6.33701
6.1335
5.91766
5.6913
5.45636
5.21482
4.96873
4.72019
4.4713
4.22417
3.9809
3.74356
3.51415
3.29462
3.08684
2.89257
2.71346
2.55103
2.40665
2.28154
2.17679
2.09326
2.03167
1.99254
1.97621
1.98281
2.01228
2.06438
2.13867
2.2345
2.35108
2.48741
2.64234
2.81455
3.00257
3.20482
3.41958
3.64502
3.87924
4.12024
4.36598
4.61439
4.86333
5.11072
5.35444
5.59243
5.82268
6.04322
6.25218
6.4478
6.62841
6.79249
6.93863
7.0656
7.17232
7.25788
7.32157
7.36284
7.38133
7.3769
7.34958
7.2996
7.22739
7.13356
7.0189
6.88438
6.73116
6.56053
6.37393
6.17295
5.9593
5.73479
5.50131
5.26087
5.01548
4.76724
4.51826
4.27063
4.02647
3.78785
3.55679
3.33526
3.12512
2.92817
2.74607
2.58037
2.43248
2.30365
2.19498
2.10738
2.0416
1.9982
1.97754
1.9798
2.00497
2.05282
2.12296
2.21478
2.32751
2.46019
2.6117
2.78075
2.96591
3.1656
3.37813
3.60169
3.8344
4.07428
4.31929
4.56735
4.81635
5.06419
5.30877
5.548
5.77986
6.00238
6.21367
6.41194
6.59551
6.76282
6.91245
7.04313
7.15375
7.24337
7.31124
7.35678
7.37959
7.3795
7.35649
7.31076
7.24271
7.15291
7.04211
6.91127
6.76149
6.59404
6.41034
6.21195
6.00056
5.77795
5.54602
5.30674
5.06213
4.81427
4.56526
4.31722
4.07225
3.83242
3.59978
3.3763
3.16387
2.96429
2.77927
2.61036
2.459
2.32648
2.21392
2.12228
2.05233
2.00466
1.97969
1.97762
1.99847
2.04206
2.10802
2.1958
2.30465
2.43365
2.58169
2.74753
2.92976
3.12683
3.33707
3.55869
3.78982
4.0285
4.2727
4.52034
4.76933
5.01755
5.2629
5.5033
5.73671
5.96114
6.17469
6.37556
6.56203
6.73252
6.88559
7.01994
7.13443
7.22808
7.30011
7.3499
7.37703
7.38127
7.36258
7.32113
7.25726
7.17151
7.06461
6.93748
6.79118
6.62696
6.44622
6.25048
6.04141
5.82078
5.59047
5.35242
5.10866
4.86125
4.6123
4.36391
4.1182
3.87725
3.64309
3.41773
3.20307
3.00094
2.81304
2.64097
2.48619
2.35002
2.23362
2.13795
2.06385
2.01194
1.98266
1.97625
1.99278
2.03209
2.09387
2.17758
2.28251
2.40778
2.55232
2.7149
2.89414
3.08853
3.29642
3.51603
3.74552
3.98292
4.22623
4.47338
4.72228
4.97081
5.21686
5.45836
5.69324
5.91951
6.13526
6.33866
6.52797
6.7016
6.85806
6.99604
7.11436
7.21202
7.28819
7.34222
7.37366
7.38223
7.36787
7.33069
7.27102
7.18935
7.08639
6.963
6.82024
6.6593
6.48157
6.28854
6.08186
5.86327
5.63464
5.3979
5.15506
4.90818
4.65936
4.4107
4.16432
3.92231
3.68672
3.45955
3.24273
3.03809
2.84737
2.6722
2.51405
2.37427
2.25405
2.1544
2.07617
2.02003
1.98644
1.9757
1.9879
2.02293
2.0805
2.16011
2.2611
2.3826
2.52358
2.68286
2.85907
3.05072
3.25619
3.47372
3.70149
3.93755
4.1799
4.42649
4.67522
4.92398
5.17066
5.41317
5.64946
5.87751
6.09539
6.30125
6.49336
6.67006
6.82988
6.97145
7.09356
7.19519
7.27548
7.33373
7.36946
7.38237
7.37233
7.33945
7.284
7.20644
7.10744
6.98783
6.84864
6.69104
6.51637
6.32611
6.12187
5.9054
5.67852
5.44316
5.20131
4.95504
4.70642
4.45757
4.2106
3.96761
3.73065
3.50174
3.28281
3.07574
2.88226
2.70404
2.54256
2.39922
2.27522
2.17161
2.08928
2.02892
1.99104
1.97598
1.98384
2.01458
2.06792
2.14341
2.24042
2.35812
2.49551
2.65142
2.82454
3.0134
3.21638
3.43178
3.65776
3.8924
4.13372
4.37967
4.62815
4.87707
5.12431
5.36777
5.60538
5.83514
6.05509
6.26336
6.45819
6.63793
6.80104
6.94615
7.07203
7.1776
7.26198
7.32444
7.36445
7.38168
7.37599
7.3474
7.29618
7.22276
7.12775
7.01197
6.87639
6.72217
6.55061
6.36318
6.16145
5.94715
5.72209
5.48818
5.24741
5.00181
4.75348
4.50451
4.25703
4.01312
3.77487
3.54428
3.32333
3.11387
2.9177
2.73647
2.57172
2.42486
2.29711
2.18958
2.10317
2.03861
1.99646
1.97707
1.9806
2.00703
2.05613
2.12748
2.22048
2.33434
2.46809
2.6206
2.79058
2.97658
3.17703
3.39022
3.61434
3.8475
4.08771
4.33294
4.58111
4.8301
5.07782
5.32215
5.56103
5.79242
6.01437
6.22498
6.42249
6.60519
6.77156
6.92017
7.04977
7.15925
7.2477
7.31434
7.35863
7.38018
7.37882
7.35455
7.30758
7.2383
7.14732
7.03539
6.90347
6.75268
6.58429
6.39974
6.20059
5.98853
5.76535
5.53297
5.29334
5.04849
4.80051
4.5515
4.30358
4.05883
3.81936
3.58717
3.36425
3.15248
2.95367
2.7695
2.60152
2.45118
2.31973
2.20831
2.11784
2.04911
2.00269
1.97898
1.97818
2.00029
2.04513
2.11232
2.20128
2.31127
2.44135
2.59041
2.75719
2.94028
3.13813
3.34904
3.57124
3.80284
4.04188
4.28632
4.53409
4.78309
5.03121
5.27634
5.51641
5.74937
5.97324
6.18614
6.38625
6.57188
6.74145
6.89351
7.02679
7.14015
7.23263
7.30345
7.35199
7.37786
7.38083
7.36088
7.31817
7.25308
7.16614
7.0581
6.92988
6.78256
6.61739
6.43577
6.23926
6.0295
5.80829
5.57749
5.33907
5.09506
4.84751
4.59853
4.35024
4.10474
3.86411
3.63039
3.40557
3.19156
2.99016
2.8031
2.63195
2.47817
2.34307
2.22778
2.13329
2.0604
2.00973
1.98171
1.97657
1.99436
2.03493
2.09793
2.18284
2.28892
2.41528
2.56085
2.72439
2.90451
3.09969
3.30827
3.52848
3.75845
3.99624
4.23981
4.48712
4.73605
4.98449
5.23035
5.47153
5.70599
5.93173
6.14684
6.3495
6.53799
6.71071
6.86618
7.00311
7.12031
7.2168
7.29176
7.34455
7.37473
7.38203
7.3664
7.32797
7.26707
7.18421
7.08009
6.9556
6.8118
6.6499
6.47128
6.27745
6.07006
5.85087
5.62174
5.38461
5.1415
4.89446
4.64559
4.397
4.15081
3.9091
3.67393
3.44728
3.23108
3.02717
2.83727
2.663
2.50584
2.36711
2.248
2.14951
2.07249
2.01758
1.98526
1.97578
1.98925
2.02553
2.08433
2.16515
2.26729
2.3899
2.53193
2.69217
2.86928
3.06173
3.26791
3.48607
3.71434
3.9508
4.19344
4.4402
4.68899
4.93769
5.18419
5.42641
5.66229
5.88983
6.1071
6.31225
6.50354
6.67935
6.83819
6.97871
7.09972
7.20019
7.27928
7.3363
7.37077
7.38241
7.37111
7.33697
7.28028
7.20151
7.10135
6.98064
6.84039
6.68181
6.50624
6.31517
6.11021
5.89311
5.66571
5.42994
5.18779
4.94134
4.69265
4.44385
4.19705
3.95433
3.71777
3.48936
3.27104
3.06467
2.872
2.69466
2.53416
2.39185
2.26895
2.1665
2.08537
2.02624
1.98962
1.97582
1.98495
2.01694
2.07152
2.14822
2.2464
2.36521
2.50366
2.66056
2.83459
3.02427
3.22799
3.44402
3.67052
3.90559
4.14722
4.39336
4.64192
4.8908
5.13788
5.38107
5.61831
5.84757
6.06692
6.27449
6.46853
6.64739
6.80954
6.95362
7.0784
7.18283
7.26601
7.32724
7.366
7.38196
7.375
7.34516
7.29269
7.21806
7.12188
7.00497
6.86833
6.71312
6.54065
6.35238
6.14992
5.93497
5.70937
5.47503
5.23394
4.98814
4.73971
4.49077
4.24343
3.99978
3.7619
3.5318
3.31143
3.10267
2.90728
2.72692
2.56313
2.41729
2.29064
2.18425
2.09903
2.0357
1.9948
1.97667
1.98147
2.00916
2.0595
2.13206
2.22624
2.34123
2.47605
2.62956
2.80046
2.9873
3.1885
3.40234
3.62701
3.86061
4.10116
4.3466
4.59487
4.84385
5.09143
5.33552
5.57403
5.80495
6.02632
6.23626
6.43298
6.61483
6.78025
6.92784
7.05635
7.1647
7.25195
7.31737
7.36041
7.3807
7.37807
7.35254
7.30432
7.23383
7.14167
7.02861
6.89561
6.74381
6.57449
6.38909
6.18918
5.97646
5.75273
5.51989
5.27992
5.03484
4.78675
4.53775
4.28994
4.04544
3.80631
3.57459
3.35224
3.14114
2.94309
2.75978
2.59274
2.44341
2.31304
2.20275
2.11347
2.04596
2.00079
1.97834
1.97881
2.00218
2.04827
2.11668
2.20682
2.31795
2.44911
2.59918
2.76691
2.95085
3.14946
3.36105
3.58382
3.81588
4.05527
4.29995
4.54784
4.79685
5.04486
5.28976
5.52949
5.762
5.98532
6.19755
6.39691
6.58168
6.75032
6.90138
7.03359
7.14582
7.23712
7.30671
7.35402
7.37862
7.38032
7.35911
7.31515
7.24883
7.16071
7.05153
6.92222
6.77388
6.60776
6.42528
6.22799
6.01755
5.79576
5.56449
5.32571
5.08144
4.83376
4.58477
4.33658
4.09129
3.85099
3.61771
3.39344
3.18008
2.97944
2.79321
2.62299
2.47021
2.33617
2.22201
2.1287
2.05702
2.00759
1.98083
1.97696
1.99602
2.03784
2.10207
2.18816
2.29539
2.42284
2.56943
2.73393
2.91492
3.11089
3.32016
3.54096
3.77141
4.00957
4.25341
4.50085
4.74981
4.99817
5.24382
5.48468
5.71871
5.94391
6.15838
6.36031
6.54796
6.71976
6.87425
7.01011
7.12619
7.22151
7.29526
7.34681
7.37572
7.38176
7.36487
7.32518
7.26305
7.17899
7.07373
6.94814
6.80331
6.64045
6.46094
6.26632
6.05824
5.83845
5.60882
5.37131
5.12792
4.88073
4.63182
4.38331
4.13731
3.89591
3.66116
3.43504
3.21947
3.01629
2.82722
2.65386
2.49768
2.36
2.24201
2.14469
2.06888
2.01521
1.98414
1.97593
1.99066
2.0282
2.08824
2.17025
2.27355
2.39726
2.54033
2.70154
2.87953
3.07279
3.27968
3.49844
3.72722
3.96407
4.207
4.45392
4.70276
4.95139
5.19771
5.43964
5.67511
5.90213
6.11877
6.3232
6.51367
6.68858
6.84645
6.98592
7.10582
7.20513
7.28301
7.33879
7.37201
7.38238
7.36981
7.33441
7.27649
7.19653
7.0952
6.97338
6.83209
6.67254
6.49607
6.30418
6.09851
5.88079
5.65287
5.4167
5.17426
4.92763
4.67888
4.43014
4.18351
3.94108
3.70491
3.47701
3.25931
3.05365
2.86179
2.68534
2.52581
2.38454
2.26275
2.16145
2.08152
2.02363
1.98826
1.97573
1.98613
2.01938
2.07519
2.1531
2.25244
2.37237
2.51186
2.66975
2.84468
3.03518
3.23963
3.45628
3.68332
3.9188
4.16073
4.40706
4.65569
4.90453
5.15145
5.39436
5.6312
5.85997
6.07872
6.28559
6.47883
6.6568
6.81799
6.96103
7.08471
7.18798
7.26997
7.32997
7.36748
7.38217
7.37394
7.34284
7.28914
7.21329
7.11595
6.99792
6.86022
6.70402
6.53064
6.34154
6.13834
5.92276
5.69663
5.46186
5.22045
4.97445
4.72594
4.47704
4.22985
3.98646
3.74896
3.51935
3.29957
3.0915
2.8969
2.71742
2.55459
2.40978
2.28422
2.17898
2.09495
2.03285
1.9932
1.97634
1.98241
2.01136
2.06294
2.13672
2.23206
2.34817
2.48406
2.63857
2.81039
2.99807
3.20001
3.4145
3.63971
3.87375
4.11462
4.36027
4.60863
4.85759
5.10504
5.34887
5.58701
5.81746
6.03824
6.24749
6.44344
6.62441
6.78888
6.93545
7.06288
7.17008
7.25614
7.32034
7.36213
7.38115
7.37725
7.35046
7.301
7.22929
7.13595
7.02176
6.8877
6.73489
6.56465
6.3784
6.17774
5.96436
5.74008
5.50679
5.26648
5.02119
4.77299
4.524
4.27632
4.03206
3.79329
3.56204
3.34026
3.12984
2.93256
2.75011
2.58401
2.4357
2.30642
2.19727
2.10917
2.04288
1.99896
1.97777
1.9795
2.00414
2.05148
2.1211
2.21243
2.32469
2.45692
2.60801
2.77667
2.96147
3.16084
3.37309
3.59643
3.82894
4.06868
4.31359
4.5616
4.81061
5.0585
5.30317
5.54255
5.7746
5.99735
6.20892
6.40751
6.59144
6.75914
6.90919
7.04032
7.15141
7.24153
7.30991
7.35597
7.37931
7.37975
7.35727
7.31206
7.24452
7.15521
7.04489
6.9145
6.76514
6.59808
6.41474
6.21668
6.00557
5.7832
5.55147
5.31233
5.06782
4.82001
4.57101
4.32292
4.07786
3.83789
3.60506
3.38135
3.16864
2.96875
2.78337
2.61408
2.4623
2.32933
2.2163
2.12417
2.05371
2.00552
1.98002
1.97742
1.99774
2.04081
2.10626
2.19355
2.30192
2.43046
2.57808
2.74352
2.92538
3.12213
3.33208
3.55347
3.7844
4.02292
4.26701
4.5146
4.76358
5.01184
5.25728
5.49782
5.73141
5.95606
6.16989
6.37106
6.55788
6.72876
6.88225
7.01705
7.132
7.22615
7.29869
7.349
7.37665
7.38142
7.36326
7.32233
7.25897
7.17372
7.0673
6.94062
6.79476
6.63094
6.45056
6.25515
6.04637
5.82599
5.59588
5.35799
5.11434
4.86699
4.61805
4.36963
4.12383
3.88275
3.64842
3.42283
3.2079
3.00546
2.81721
2.64476
2.48957
2.35296
2.23608
2.13994
2.06533
2.0129
1.98309
1.97615
1.99215
2.03094
2.09221
2.17542
2.27987
2.40467
2.54878
2.71096
2.88983
3.08389
3.29148
3.51085
3.74012
3.97737
4.22056
4.46765
4.71653
4.96509
5.21122
5.45284
5.6879
5.91439
6.1304
6.3341
6.52376
6.69777
6.85464
6.99306
7.11185
7.21
7.28667
7.34121
7.37318
7.38228
7.36844
7.33179
7.27263
7.19147
7.08899
6.96606
6.82373
6.66321
6.48584
6.29315
6.08676
5.86843
5.64001
5.40344
5.16072
4.91391
4.66511
4.41643
4.16997
3.92784
3.69208
3.46469
3.24761
3.04267
2.85162
2.67607
2.51751
2.37729
2.25661
2.15647
2.07774
2.02108
1.98697
1.97571
1.98737
2.02188
2.07893
2.15804
2.25854
2.37958
2.52013
2.67899
2.85483
3.04614
3.2513
3.46858
3.69613
3.93202
4.17425
4.42076
4.66946
4.91825
5.165
5.40763
5.64408
5.87234
6.09048
6.29664
6.48908
6.66616
6.82638
6.96838
7.09096
7.19307
7.27386
7.33263
7.36888
7.38231
7.37281
7.34045
7.28552
7.20846
7.10995
6.99081
6.85206
6.69487
6.52058
6.33066
6.12673
5.91052
5.68386
5.44867
5.20695
4.96076
4.71217
4.46331
4.21627
3.97316
3.73604
3.50692
3.28775
3.08038
2.88658
2.70798
2.5461
2.40233
2.27787
2.17378
2.09095
2.03007
1.99168
1.97608
1.98342
2.01362
2.06644
2.14143
2.23795
2.35518
2.49213
2.64763
2.82037
3.00888
3.21156
3.42669
3.65244
3.88691
4.12809
4.37395
4.6224
4.87133
5.11863
5.3622
5.59997
5.82993
6.05012
6.25869
6.45385
6.63395
6.79746
6.943
7.06934
7.17539
7.26026
7.32323
7.36377
7.38153
7.37636
7.34831
7.29761
7.22469
7.13017
7.01486
6.87972
6.72592
6.55475
6.36767
6.16626
5.95223
5.72739
5.49367
5.25303
5.00752
4.75923
4.51025
4.26271
4.0187
3.78029
3.54951
3.32831
3.11858
2.92208
2.74049
2.57534
2.42805
2.29985
2.19184
2.10493
2.03987
1.99719
1.97727
1.98027
2.00617
2.05475
2.12559
2.2181
2.33149
2.4648
2.61689
2.78648
2.97213
3.17225
3.38517
3.60906
3.84203
4.0821
4.32724
4.57536
4.82436
5.07213
5.31656
5.55558
5.78717
6.00936
6.22025
6.41808